70
6670 2 2 2000
6669 2 2 2000
6668 2 2 2000
6667 2 2 2000
6666 2 2 2000
6665 1 1 400
6664 1 1 400
6663 1 1 400
6662 1 1 400
6661 1 1 400
6660 1 1 400
6659 1 1 400
6658 3 3 3300
6657 3 3 3300
6656 2 2 2000
6655 2 2 2000
6654 2 2 2000
6653 2 2 2000
6652 2 2 2000
6651 1 1 400
6650 1 1 400
6649 1 1 400
6648 1 1 400
6647 1 1 400
6646 1 1 400
6645 1 1 400
6644 3 3 3300
6643 3 3 3300
6642 2 2 2000
6641 2 2 2000
6640 2 2 2000
6639 2 2 2000
6638 2 2 2000
6637 1 1 400
6636 1 1 400
6635 1 1 400
6634 1 1 400
6633 1 1 400
6632 1 1 400
6631 1 1 400
6630 3 3 3300
6629 3 3 3300
6628 2 2 2000
6627 2 2 2000
6626 2 2 2000
6625 2 2 2000
6624 2 2 2000
6623 1 1 400
6622 1 1 400
6621 1 1 400
6620 1 1 400
6619 1 1 400
6618 1 1 400
6617 1 1 400
6616 3 3 3300
6615 3 3 3300
6614 2 2 2000
6613 2 2 2000
6612 2 2 2000
6611 2 2 2000
6610 2 2 2000
6609 1 1 400
6608 1 1 400
6607 1 1 400
6606 1 1 400
6605 1 1 400
6604 1 1 400
6603 1 1 400
6602 3 3 3300
6601 3 3 3300