70
6670 2 2 1400 780
6669 2 2 1400 720
6668 2 2 1400 700
6667 2 2 1400 750
6666 2 2 1400 680
6665 1 1 400 650
6664 1 1 400 620 
6663 1 1 400 650
6662 1 1 400 620
6661 1 1 400 670
6660 1 1 400 690
6659 1 1 400 600
6658 3 3 3300 900
6657 3 3 3300 980
6656 2 2 1400 760
6655 2 2 1400 750
6654 2 2 1400 790
6653 2 2 1400 740
6652 2 2 1400 780
6651 1 1 400 650
6650 1 1 400 690
6649 1 1 400 630
6648 1 1 400 650
6647 1 1 400 640
6646 1 1 400 620
6645 1 1 400 610
6644 3 3 3300 980
6643 3 3 3300 970
6642 2 2 1400 780
6641 2 2 1400 790
6640 2 2 1400 740
6639 2 2 1400 760
6638 2 2 1400 780
6637 1 1 400 650
6636 1 1 400 690
6635 1 1 400 630
6634 1 1 400 650
6633 1 1 400 670
6632 1 1 400 610
6631 1 1 400 630
6630 3 3 3300 980
6629 3 3 3300 990
6628 2 2 1400 970
6627 2 2 1400 740
6626 2 2 1400 750
6625 2 2 1400 790
6624 2 2 1400 740
6623 1 1 400 630
6622 1 1 400 610
6621 1 1 400 640 
6620 1 1 400 690
6619 1 1 400 640
6618 1 1 400 620
6617 1 1 400 680
6616 3 3 3300 940
6615 3 3 3300 960
6614 2 2 1400 740
6613 2 2 1400 760
6612 2 2 1400 710
6611 2 2 1400 760
6610 2 2 1400 730
6609 1 1 400 630
6608 1 1 400 610
6607 1 1 400 680
6606 1 1 400 630
6605 1 1 400 640
6604 1 1 400 630
6603 1 1 400 680
6602 3 3 3300 970
6601 3 3 3300 940