30
6630 3 3 3300 31
6629 3 3 3300 42
6628 2 2 1200 36
6627 2 2 1200 40
6626 2 2 1200 49
6625 2 2 1200 35
6624 2 2 1200 32
6623 1 1 400 47
6622 1 1 400 34
6621 1 1 400 30
6620 1 1 400 50
6619 1 1 400 48
6618 1 1 400 49
6617 1 1 400 39
6616 3 3 3300 32
6615 3 3 3300 39
6614 3 3 3300 42
6613 3 3 3300 35
6612 2 2 1200 31
6611 2 2 1200 45
6610 2 2 1200 36
6609 1 1 400 36
6608 1 1 400 31
6607 1 1 400 30
6606 1 1 400 35
6605 1 1 400 45
6604 1 1 400 48
6603 1 1 400 32
6602 3 3 3300 31
6601 3 3 3300 36