70
6670 2 44 320 780
6669 2 46 380 720
6668 2 39 300 700
6667 2 41 310 750
6666 2 47 400 680
6665 1 25 160 650
6664 1 20 150 620
6663 1 31 200 690
6662 1 23 150 650
6661 1 20 140 600
6660 1 21 150 670
6659 1 23 150 690
6658 3 75 530 900
6657 3 81 550 960
6656 2 44 320 690
6655 2 46 380 670
6654 2 39 300 620
6653 2 41 310 630
6652 2 47 400 600
6651 1 25 160 650
6650 1 20 150 690
6649 1 31 200 670
6648 1 23 150 630
6647 1 20 140 600
6646 1 21 150 650
6645 1 23 150 670
6644 3 75 530 910
6643 3 81 550 950
6642 2 44 320 750
6641 2 46 380 780
6640 2 39 300 790
6639 2 41 310 740
6638 2 47 400 760
6637 1 25 160 630
6636 1 20 150 650
6635 1 31 200 670
6634 1 23 150 690
6633 1 20 140 650
6632 1 21 150 600
6631 1 23 150 680
6630 3 75 530 980
6629 3 81 550 970
6628 2 44 320 770
6627 2 46 380 750
6626 2 39 300 780
6625 2 41 310 790
6624 2 47 400 740
6623 1 25 160 620
6622 1 20 150 630
6621 1 31 200 610
6620 1 23 150 690
6619 1 20 140 670
6618 1 21 150 650
6617 1 23 150 630
6616 3 75 530 960
6615 3 81 550 950
6614 2 44 320 780
6613 2 46 380 790
6612 2 39 300 740
6611 2 41 310 760
6610 2 47 400 780
6609 1 25 160 650
6608 1 20 150 690
6607 1 31 200 630
6606 1 23 150 640
6605 1 20 140 670
6604 1 21 150 630
6603 1 23 150 690
6602 3 75 530 980
6601 3 81 550 900