70
6670 2 44 320
6669 2 46 380
6668 2 39 300
6667 2 41 310
6666 2 47 400
6665 1 25 160
6664 1 20 150
6663 1 31 200
6662 1 23 150
6661 1 20 140
6660 1 21 150
6659 1 23 150
6658 3 75 530
6657 3 81 550
6656 2 44 320
6655 2 46 380
6654 2 39 300
6653 2 41 310
6652 2 47 400
6651 1 25 160
6650 1 20 150
6649 1 31 200
6648 1 23 150
6647 1 20 140
6646 1 21 150
6645 1 23 150
6644 3 75 530
6643 3 81 550
6642 2 44 320
6641 2 46 380
6640 2 39 300
6639 2 41 310
6638 2 47 400
6637 1 25 160
6636 1 20 150
6635 1 31 200
6634 1 23 150
6633 1 20 140
6632 1 21 150
6631 1 23 150
6630 3 75 530
6629 3 81 550
6628 2 44 320
6627 2 46 380
6626 2 39 300
6625 2 41 310
6624 2 47 400
6623 1 25 160
6622 1 20 150
6621 1 31 200
6620 1 23 150
6619 1 20 140
6618 1 21 150
6617 1 23 150
6616 3 75 530
6615 3 81 550
6614 2 44 320
6613 2 46 380
6612 2 39 300
6611 2 41 310
6610 2 47 400
6609 1 25 160
6608 1 20 150
6607 1 31 200
6606 1 23 150
6605 1 20 140
6604 1 21 150
6603 1 23 150
6602 3 75 530
6601 3 81 550